41770
80
39152
443
443
39152
41770
80
80
41770
38853
443
443
38853
58757
55998
443
47940
443
44658
443
443
443
44658
443
58757
443
55998
443
55998
443
55998
443
55998
55998
443
443
443
47940
58416
53249
47940
47940
443
443
53
53
443
47940
54717
45922
443
51285
443
35154
443
443
443
54717
443
45922
443
35154
443
51285
443
47940
443
47940
47310
30879
53
53
44658
443
443
44658
443
44658
38852
443
443
38852
34421
443
443
34421
443
34421
443
34421
443
34421
443
443
53340
53340
443
443
53340
39152
443
443
39152
39152
443
39152
39152
443
443
443
39152
38853
443
443
38853
58757
443
443
58757
443
58757
58757
443
443
58757
58757
443
443
54717
443
47940
45922
443
51285
443
44658
443
35154
443
443
443
54717
443
54717
443
54717
54717
443
443
54717
443
443
44658
443
45922
443
35154
443
51285
51285
443
443
51285
51285
443
443
443
47940
10221
31266
47940
47940
443
443
53
53
443
47940
443
47940
443
47940
443
47940
443
47940
443
47940
44658
443
44658
443
443
44658
443
44658
443
44658
443
44658
443
44658
443
44658
443
44658
443
44658
443
44658
443
44658
443
44658
443
44658
443
44658
443
44658
443
44658
443
44658
443
44658
443
44658
443
44658
443
44658
443
44658
443
44658
38853
443
38853
38853
443
443
38852
443
68
67
443
443
38852
45922
35154
443
443
45922
45922
443
443
35154
35154
443
443
443
45922
443
35154
443
35154
38852
443
38852
443
38852
443
443
38852
443
53340
53594
9164
53340
443
53
53
443
53340
47940
443
44658
443
443
44658
443
47940
4962
11938
47940
443
47940
443
53
53
443
47940
443
47940
443
47940
61066
20304
53
53
44658
443
443
44658
443
44658
443
44658
443
44658
443
44658
443
53340
53340
443
443
53340
47940
44658
443
443
443
44658
443
47940
18847
17481
47940
47940
443
443
53
53
443
47940
443
47940
14315
10024
47940
47940
443
443
53
53
443
47940
443
47940
443
47940
443
53340
9236
45831
53340
443
53
53
443
53340
44658
443
443
44658
443
53340
53340
443
443
53340
47940
443
443
47940
443
53340
49437
1626
53340
443
53
53
443
53340
44658
443
443
44658
44658
443
44658
443
44658
443
443
44658
443
44658
47940
443
443
47940
443
53340
53340
443
443
53340
443
53340
53340
443
443
53340
12917
38792
38306
53
53
53
44680
443
44680
44680
443
443
44680
44680
44680
443
44680
443
443
44680
443
443
44680
443
443
443
44680
443
443
44680
443
44680
47940
443
443
47940
47940
443
47940
47940
443
443
443
47940
443
53340
19496
28967
53340
443
53
53
443
53340
44680
443
443
44680
443
53340
53340
443
443
53340
44680
443
443
44680
43222
44766
13340
53
53
47959
53
443
47959
47959
443
443
47959
47959
443
47959
47959
443
443
47959
443
443
47959
443
443
443
47959
443
47959
443
53340
9105
57281
53340
443
53
53
443
53340
44680
443
443
44680
44680
443
44680
44680
443
443
443
44680
443
44680
47959
443
443
47959
443
53340
53340
443
443
53340
443
53340
53340
443
443
53340
443
53340
443
53340
47482
16328
53
53
47959
443
443
47959
443
53340
53340
443
443
53340
47959
443
443
47959
47959
443
47959
47959
443
443
443
47959
443
53340
29309
42326
53340
443
53
53
443
53340
443
53340
53340
443
443
443
53340
24576
13346
9022
53
53
47960
53
443
47960
47960
443
443
47960
47960
443
47960
47960
443
443
47960
443
443
47960
443
443
443
47960
443
443
47960
443
53340
25981
55697
53340
443
53
53
443
53340
443
53340
53340
443
443
53340
14043
16434
25079
53
53
53
44683
45627
34937
53
47960
443
53
47960
443
443
44683
44683
443
443
443
44683
44683
443
44683
443
44683
443
47960
443
44683
443
443
443
44683
443
47960
443
47960
443
47960
44683
443
443
443
44683
68
67
443
53340
53340
443
443
53340
47960
44683
443
443
443
44683
443
47960
443
53340
28215
53230
53
53340
443
53
443
53340
47960
44683
443
443
443
44683
443
47960
443
53340
53340
443
443
53340
47960
44683
443
443
443
44683
443
47960
47960
44683
443
443
47960
47960
443
443
44683
44683
443
443
443
44683
443
44683
443
47960
443
53340
36876
29539
53340
53
443
53
443
53340
443
53340
53340
443
443
53340
61471
53901
18046
53
53
53
47962
443
47962
47962
443
443
47962
47962
443
47962
47962
443
443
443
47962
443
47962
443
443
47962
443
47962
443
47962
443
53340
23902
36215
53340
443
53
53
443
53340
47962
443
443
47962
443
53340
53340
443
443
53340
443
53340
64480
56700
53340
443
53
53
443
53340
443
53340
443
53340
44642
16110
53
53
56992
38951
40019
53
53340
443
443
56992
53
443
56992
443
53340
56992
443
59279
443
56992
443
56992
52033
53979
53
56992
53
443
34247
80
34247
34247
80
443
59279
59279
443
443
56992
80
34247
80
34247
56992
56992
443
443
443
59279
443
59279
443
59279
59279
443
59279
59279
443
443
443
56992
443
56992
56992
443
443
443
443
56992
59279
443
59279
443
59279
59279
443
34247
80
34247
80
47962
443
443
47962
34247
80
443
443
56992
443
443
56992
443
443
59279
59279
443
59279
443
443
443
59279
34247
80
443
53340
53340
443
443
53340
34247
80
443
53340
53340
443
443
53340
443
53340
443
53340
53340
443
443
53340
443
53340
53340
443
443
53340
443
53340
443
53340
